
1904
1903
1902
1878
1966
1901
1900
1906
1893
1892
1891
1889
1888
1887
1880
1879
1985
1932
1907
1905
1899
1898
1897
1896
1895
1894
1890
1886
1885
1884
1883
1882
1881
1908
1873
1854
1909
1910
1911
1912
1913
1914
1915
1916
1917
1918
1919
1920
1924
1925
1926
1927
1929
1855
1856
1857
1858
1859
1860
1861
1862
1863
1864
1865
1866
1867
1868
1869
1870
1874
1875
1877
1921
1922
1923
1928
1876
1872
1871
1834
1848
1849
1853
1835
1836
1837
1838
1839
1840
1841
1842
1845
1847
1850
1851
1852
1846
1844
1843
951
950
949
952
947
946
953
948
482
633
481
479
478
477
645
480